input_alphabet = 1,2,3,4,5,0
 
start_states = 1
 
transitions = 1, 1	-> 2
	      1, 2	-> 3
	      1, 3	-> 4
	      1, 4	-> 5
	      1, 5	-> 6
	      2, 2	-> 2
	      2, 3	-> 3
	      2, 4	-> 4
	      2, 5	-> 5
	      2, 0	-> 6
	      3, 3	-> 2
	      3, 4	-> 3
	      3, 5	-> 4
	      3, 0	-> 5
	      3, 1	-> 6
	      1, 0	-> 7
	      2, 1	-> 7
	      3, 2	-> 7
	      4, 3	-> 7
	      5, 4	-> 7
	      6, 5	-> 7
	      4, 4	-> 2
	      4, 5	-> 3
	      4, 0	-> 4
	      4, 1	-> 5
	      4, 2	-> 6
	      5, 5	-> 2
	      5, 0	-> 3
	      5, 1	-> 4
	      5, 2	-> 5
	      5, 3	-> 6
	      6, 0	-> 2
	      6, 1	-> 3
	      6, 2	-> 4
	      6, 3	-> 5
	      6, 4	-> 6

acc_states = 1